fivepoint12

t =

  22.436442086707093

diary off
